# All marker locations are fixed (f: 1)

marker_length: 0.1778
markers:
  - id: 0
    u: 1
    f: 1
    xyz: [8.0, 0.0, -0.5]
    rpy: [1.5707963267948966, 2.2204460492503126e-16, -1.5707963267948966]
  - id: 1
    u: 1
    f: 1
    xyz: [4.898587196589413e-16, -8.0, -0.5]
    rpy: [1.5707963267948966, 1.608122649676636e-16, -3.141592653589793]
  - id: 2
    u: 1
    f: 1
    xyz: [-8.0, -9.797174393178826e-16, -0.5]
    rpy: [1.5707963267948968, 2.2204460492503126e-16, 1.5707963267948968]
  - id: 3
    u: 1
    f: 1
    xyz: [-1.4695761589768238e-15, 8.0, -0.5]
    rpy: [1.5707963267948966, 2.8327694488239893e-16, 1.8369701987210297e-16]
