# All marker locations are fixed (f: 1)

marker_length: 0.1778
markers:
  - id: 0
    u: 1
    f: 1
    xyz: [2, 0, -0.5]
    rpy: [1.5707963267948966, 2.2204460492503126e-16, -1.5707963267948966]
