# oST version 5.0 parameters


[image]

width
800

height
600

[wa1_dry]

camera matrix
406.225735 0.000000 393.146975
0.000000 404.400142 200.775457
0.000000 0.000000 1.000000

distortion
-0.256671 0.044740 -0.000481 0.001359 0.000000

rectification
1.000000 0.000000 0.000000
0.000000 1.000000 0.000000
0.000000 0.000000 1.000000

projection
274.319916 0.000000 397.894599 0.000000
0.000000 296.883118 158.245725 0.000000
0.000000 0.000000 1.000000 0.000000

