image_width: 800
image_height: 600
camera_name: wa1_dry
camera_matrix:
  rows: 3
  cols: 3
  data: [406.225735, 0.000000, 393.146975, 0.000000, 404.400142, 200.775457, 0.000000, 0.000000, 1.000000]
distortion_model: plumb_bob
distortion_coefficients:
  rows: 1
  cols: 5
  data: [-0.256671, 0.044740, -0.000481, 0.001359, 0.000000]
rectification_matrix:
  rows: 3
  cols: 3
  data: [1.000000, 0.000000, 0.000000, 0.000000, 1.000000, 0.000000, 0.000000, 0.000000, 1.000000]
projection_matrix:
  rows: 3
  cols: 4
  data: [274.319916, 0.000000, 397.894599, 0.000000, 0.000000, 296.883118, 158.245725, 0.000000, 0.000000, 0.000000, 1.000000, 0.000000]
