# oST version 5.0 parameters


[image]

width
1920

height
1080

[wa1_dry]

camera matrix
957.673510 0.000000 944.658227
0.000000 954.338376 276.551777
0.000000 0.000000 1.000000

distortion
-0.277503 0.056575 0.000678 -0.000958 0.000000

rectification
1.000000 0.000000 0.000000
0.000000 1.000000 0.000000
0.000000 0.000000 1.000000

projection
667.140198 0.000000 941.938376 0.000000
0.000000 752.478394 223.594616 0.000000
0.000000 0.000000 1.000000 0.000000

