image_width: 1920
image_height: 1080
camera_name: wa1_dry
camera_matrix:
  rows: 3
  cols: 3
  data: [957.673510, 0.000000, 944.658227, 0.000000, 954.338376, 276.551777, 0.000000, 0.000000, 1.000000]
distortion_model: plumb_bob
distortion_coefficients:
  rows: 1
  cols: 5
  data: [-0.277503, 0.056575, 0.000678, -0.000958, 0.000000]
rectification_matrix:
  rows: 3
  cols: 3
  data: [1.000000, 0.000000, 0.000000, 0.000000, 1.000000, 0.000000, 0.000000, 0.000000, 1.000000]
projection_matrix:
  rows: 3
  cols: 4
  data: [667.140198, 0.000000, 941.938376, 0.000000, 0.000000, 752.478394, 223.594616, 0.000000, 0.000000, 0.000000, 1.000000, 0.000000]
